-8e-06 104.274872 1.554316
9e-06 10.181588 0.131521
8.207782 -6.751714 -1.599556
-8.207796 -6.751662 -1.599559
0.0 10.083451 -1.000804
-0.0 -44.370472 0.284643
0.0 -44.370537 0.286156
0.0 9.100011 -1.373417
0.0 -44.427872 -2.982191
1e-06 -44.427731 -2.983789
1e-06 16.671669 -2.516168
4.570446 10.945985 -2.627988
-4.56997 10.946177 -2.628017
-3e-06 -8.72867 10.71056
-2e-06 -8.728669 10.710561
-0.0 9.617875 1.685008
10.59237 -0.524583 -2.23212
-10.592844 -0.524798 -2.232099
-3e-06 -0.000677 9.278136
-2e-06 -0.000676 9.27812
-1e-06 17.815155 2.584985
3.067561 6.409508 9.283554
-3.06755 6.4095 9.283547
27.84152 -8.9e-05 3.7e-05
-27.84152 -3.3e-05 1.2e-05
28.328838 -1.7e-05 3.8e-05
-28.328838 -0.0 5.6e-05
2.46614 -1.575049 2.682414
9.109302 -0.517083 2.260073
9.533401 -3.4e-05 1.4e-05
9.104527 -0.04394 -1.865085
8.077778 -0.488668 -3.806067
-8.076674 -0.488459 -3.80601
-9.103588 -0.043914 -1.865072
-9.532503 -1.6e-05 1.7e-05
-9.108281 -0.516789 2.260116
-2.464806 -1.572714 2.682626
3.229804 -1.864691 1.864681
3.676409 -7e-06 2.9e-05
3.698237 2e-06 1.8e-05
3.154027 -7e-06 1e-05
3.600034 -2e-06 -2.6e-05
-3.600034 4e-05 5.1e-05
-3.154027 2.4e-05 4.9e-05
-3.698237 1.5e-05 -2.3e-05
-3.676409 1.9e-05 3.2e-05
-3.229772 -1.864709 1.864718
2.652565 -1.531493 1.531472
2.883063 3.9e-05 -4.3e-05
2.950922 -3.9e-05 1.6e-05
2.937672 -4.5e-05 -7e-06
2.114212 2e-05 -3e-06
-2.114212 1.5e-05 1.5e-05
-2.937672 -4.2e-05 -4e-05
-2.950922 -0.0 -0.0
-2.883063 -5e-05 4e-05
-2.652605 -1.531449 1.531446
1.954567 -1.1285 1.128492
2.39272 3.7e-05 3.4e-05
2.833903 -3.9e-05 -1e-05
2.647453 -5e-05 0.0
1.975683 1.2e-05 -4.4e-05
-1.975683 -1.9e-05 -1e-06
-2.647453 2.5e-05 -2e-06
-2.833903 8e-06 5.4e-05
-2.39272 2.7e-05 2.8e-05
-1.954581 -1.128462 1.128507
