0.0 -0.0 5e-07 1.0
0.0 0.0 -5e-07 1.0
-0.0007020001755000658 0.0 -5.000001250000468e-07 0.9999997499999688
-0.0006735001683750632 0.0 -5.000001250000468e-07 0.9999997499999688
0.0 0.0 -0.0 1.0
0.001402501402502104 0.0 0.0 0.9999989999994999
0.001346001346002019 -0.0 -0.0 0.9999989999994999
0.0 0.0 0.0 1.0
-0.0007000001750000656 -0.0 0.0 0.9999997499999688
-0.0006725001681250631 -0.0 0.0 0.9999997499999688
-0.0 -0.0 -0.0 1.0
-0.0 -0.0 0.0 1.0
-0.0 -0.0 -0.0 1.0
0.0 -0.0 -0.0 1.0
0.0 -0.0 0.0 1.0
0.0 0.0 0.0 1.0
0.0 -0.0 1.5e-06 1.0
0.0 0.0 0.0 1.0
0.0 0.0 0.0 1.0
0.0 0.0 -0.0 1.0
0.0 0.0 0.0 1.0
0.0 0.0 0.0 1.0
0.0 0.0 0.0 1.0
-0.0 -0.0 -2e-06 1.0
-0.0 -2e-06 0.0 1.0
0.0002255 -0.0 0.0 1.0
0.0002325 2e-06 0.0 1.0
-9e-05 -8.05e-05 7.6e-05 1.0
0.0 0.0 0.0 1.0
0.0 0.0 -0.0 1.0
0.0 0.0 -0.0 1.0
0.0 0.0 0.0 1.0
0.0 -1.4e-05 -0.0 1.0
0.0 -0.0 0.0 1.0
0.0 -0.0 0.0 1.0
0.0 -0.0 -0.0 1.0
-9.3e-05 8.3e-05 -7.8e-05 1.0
0.0 5e-06 5e-06 1.0
-0.0 -0.0 0.0 1.0
-0.0 -0.0 0.0 1.0
-0.0 -0.0 0.0 1.0
0.0 0.0 -0.0 1.0
-0.0 1.4e-05 0.0 1.0
-0.0 0.0 -0.0 1.0
-0.0 0.0 -0.0 1.0
-0.0 0.0 -0.0 1.0
0.0 6.5e-06 6.5e-06 1.0
0.0 -5e-07 -5e-07 1.0
0.0 -0.0 0.0 1.0
0.0 0.0 0.0 1.0
0.0 0.0 -0.0 1.0
-0.0 0.0 0.0 1.0
-0.0 0.0 0.0 1.0
0.0 -0.0 0.0 1.0
0.0 -1.75e-05 -0.0 1.0
0.0 -0.0 -0.0 1.0
0.0 -1.05e-05 -1.05e-05 1.0
0.0 0.0 0.0 1.0
0.0 0.0 0.0 1.0
0.0 0.0 -0.0 1.0
0.0 0.0 -0.0 1.0
0.0 0.0 0.0 1.0
0.0 0.0 0.0 1.0
0.0 0.0 -0.0 1.0
0.0 0.0 0.0 1.0
-0.0 0.0 -0.0 1.0
0.0 0.0 0.0 1.0
